Energy	Impulses	Fit(Impulses)	Fit(Impulses)
E/keV	Impulses/#	Impulses/#	Impulses/#

18.74	2	0	0
18.75	0	0	1
18.75	3	0	1
18.76	0	0	1
18.77	2	0	1
18.78	0	0	1
18.79	0	0	1
18.79	1	0	1
18.80	0	0	1
18.81	2	0	1
18.82	1	0	1
18.83	0	0	1
18.84	1	0	1
18.84	0	0	1
18.85	3	0	1
18.86	0	0	1
18.87	0	0	1
18.88	1	0	1
18.88	1	0	1
18.89	2	0	1
18.90	1	0	1
18.91	0	0	1
18.92	0	0	1
18.92	2	0	1
18.93	1	0	1
18.94	2	0	1
18.95	2	0	1
18.96	2	0	1
18.97	0	0	1
18.97	0	0	1
18.98	1	0	1
18.99	2	0	1
19.00	0	0	1
19.01	1	0	1
19.01	0	0	1
19.02	1	0	1
19.03	1	0	1
19.04	1	0	1
19.05	1	0	1
19.05	0	0	1
19.06	1	0	1
19.07	0	0	1
19.08	0	0	1
19.09	0	0	1
19.10	0	0	1
19.10	1	0	1
19.11	2	0	1
19.12	0	0	1
19.13	0	0	1
19.14	1	0	1
19.14	2	0	1
19.15	2	0	1
19.16	1	0	1
19.17	2	0	1
19.18	3	0	1
19.18	3	0	1
19.19	1	0	1
19.20	0	0	1
19.21	0	0	1
19.22	2	0	1
19.23	1	0	1
19.23	0	0	1
19.24	1	0	1
19.25	1	0	1
19.26	1	0	1
19.27	1	0	1
19.27	0	0	1
19.28	0	0	1
19.29	3	0	1
19.30	0	0	1
19.31	1	0	1
19.31	0	0	1
19.32	2	0	1
19.33	0	0	1
19.34	1	0	1
19.35	0	0	1
19.36	0	0	1
19.36	3	0	1
19.37	1	0	1
19.38	1	0	1
19.39	0	0	1
19.40	2	0	1
19.40	0	0	1
19.41	1	0	1
19.42	0	0	1
19.43	0	0	1
19.44	0	0	1
19.44	1	0	1
19.45	2	0	1
19.46	2	0	1
19.47	1	0	1
19.48	1	0	1
19.49	3	0	1
19.49	0	0	1
19.50	3	0	1
19.51	2	0	1
19.52	2	0	1
19.53	2	0	1
19.53	2	0	1
19.54	4	0	1
19.55	1	0	1
19.56	0	0	1
19.57	4	0	1
19.57	3	0	1
19.58	2	0	1
19.59	5	0	1
19.60	1	0	1
19.61	4	0	1
19.62	3	0	1
19.62	1	0	1
19.63	4	0	1
19.64	2	0	1
19.65	1	0	1
19.66	1	0	1
19.66	2	0	1
19.67	2	0	1
19.68	3	0	1
19.69	5	0	1
19.70	2	0	1
19.70	0	0	1
19.71	1	0	1
19.72	0	0	1
19.73	0	0	1
19.74	0	0	1
19.75	1	0	1
19.75	2	0	1
19.76	0	0	1
19.77	0	0	1
19.78	1	0	1
19.79	0	0	1
19.79	3	0	1
19.80	3	0	1
19.81	1	0	1
19.82	1	0	1
19.83	0	0	1
19.83	0	0	1
19.84	2	0	1
19.85	2	0	1
19.86	1	0	1
19.87	2	0	1
19.88	1	0	1
19.88	0	0	1
19.89	1	0	1
19.90	1	0	1
19.91	1	0	1
19.92	2	0	1
19.92	0	0	1
19.93	2	0	1
19.94	2	0	1
19.95	2	0	1
19.96	0	0	1
19.96	0	0	1
19.97	1	0	1
19.98	3	0	1
19.99	1	0	1
20.00	0	0	1
20.01	1	0	1
20.01	0	0	1
20.02	1	0	1
20.03	1	0	1
20.04	1	0	1
20.05	2	0	1
20.05	0	0	1
20.06	2	0	1
20.07	1	0	1
20.08	1	0	1
20.09	0	0	1
20.09	0	0	1
20.10	1	0	1
20.11	1	0	1
20.12	2	0	1
20.13	1	0	1
20.14	0	0	1
20.14	0	0	1
20.15	0	0	1
20.16	0	0	1
20.17	1	0	1
20.18	3	0	1
20.18	1	0	1
20.19	0	0	1
20.20	0	0	1
20.21	1	0	1
20.22	2	0	1
20.22	0	0	1
20.23	2	0	1
20.24	0	0	1
20.25	2	0	1
20.26	0	0	1
20.27	1	0	1
20.27	0	0	1
20.28	1	0	1
20.29	0	0	1
20.30	1	0	1
20.31	1	0	1
20.31	0	0	1
20.32	0	0	1
20.33	0	0	1
20.34	0	0	1
20.35	0	0	1
20.35	1	0	1
