Energy	Impulses	Fit(Impulses)
E/keV	Impulses/#	Impulses/#

2.03	0	0
2.04	1	0
2.05	0	0
2.05	0	0
2.06	0	0
2.07	0	0
2.08	0	0
2.09	0	0
2.10	0	0
2.10	0	0
2.11	0	0
2.12	0	0
2.13	0	0
2.14	0	0
2.14	0	0
2.15	1	0
2.16	0	0
2.17	0	0
2.18	0	0
2.18	0	0
2.19	0	0
2.20	0	0
2.21	0	0
2.22	0	0
2.23	0	0
2.23	0	0
2.24	0	0
2.25	0	0
2.26	0	0
2.27	0	0
2.27	0	0
2.28	0	0
2.29	0	0
2.30	0	0
2.31	0	0
2.31	0	0
2.32	0	0
2.33	0	0
2.34	0	0
2.35	0	0
2.36	0	0
2.36	0	0
2.37	0	0
2.38	0	0
2.39	0	0
2.40	0	0
2.40	0	0
2.41	0	0
2.42	0	0
2.43	0	0
2.44	2	0
2.44	3	0
2.45	0	0
2.46	3	0
2.47	3	0
2.48	2	0
2.49	4	0
2.49	8	0
2.50	5	0
2.51	14	0
2.52	19	0
2.53	16	0
2.53	28	0
2.54	39	0
2.55	21	0
2.56	39	0
2.57	29	0
2.58	33	0
2.58	36	0
2.59	27	0
2.60	50	0
2.61	45	0
2.62	23	0
2.62	45	0
2.63	39	0
2.64	41	0
2.65	42	0
2.66	43	0
2.66	48	0
2.67	50	0
2.68	34	0
2.69	43	0
2.70	46	0
2.71	34	0
2.71	39	0
2.72	41	0
2.73	41	0
2.74	37	0
2.75	29	0
2.75	47	0
2.76	31	0
2.77	42	0
2.78	38	0
2.79	44	0
2.79	41	0
2.80	47	0
2.81	29	0
2.82	39	0
2.83	45	0
2.84	31	0
2.84	44	0
2.85	41	0
2.86	44	0
2.87	26	0
2.88	27	0
2.88	41	0
2.89	40	0
2.90	39	0
2.91	32	0
2.92	31	0
2.92	42	0
2.93	42	0
2.94	27	0
2.95	33	0
2.96	31	0
2.97	37	0
2.97	32	0
2.98	13	0
2.99	33	0
3.00	33	0
3.01	27	0
3.01	39	0
3.02	35	0
3.03	40	0
3.04	32	0
3.05	35	0
3.05	34	0
3.06	32	0
3.07	19	0
3.08	30	0
3.09	43	0
3.10	32	0
3.10	40	0
3.11	32	0
3.12	34	0
3.13	33	0
3.14	33	0
3.14	40	0
3.15	24	0
3.16	23	0
3.17	33	0
3.18	28	0
3.18	22	0
3.19	31	0
3.20	28	0
3.21	32	0
3.22	28	0
3.23	33	0
3.23	36	0
3.24	27	0
3.25	31	0
3.26	28	0
3.27	38	0
3.27	25	0
3.28	22	0
3.29	28	0
3.30	30	0
3.31	28	0
3.31	34	0
3.32	49	0
3.33	23	0
3.34	30	0
3.35	37	0
3.36	28	0
3.36	24	0
3.37	25	0
3.38	47	0
3.39	18	0
3.40	19	0
3.40	23	0
3.41	36	0
3.42	37	0
3.43	29	0
3.44	25	0
3.44	38	0
3.45	35	0
3.46	29	0
3.47	31	0
3.48	32	0
3.49	38	0
3.49	40	0
3.50	23	0
3.51	32	0
3.52	31	0
3.53	21	0
3.53	31	0
3.54	24	0
3.55	31	0
3.56	22	0
3.57	23	0
3.57	26	0
3.58	33	0
3.59	15	0
3.60	28	0
3.61	24	0
3.62	23	0
3.62	27	0
3.63	27	0
3.64	33	0
3.65	20	0
3.66	23	0
3.66	23	0
3.67	14	0
3.68	25	0
3.69	20	0
3.70	25	0
3.70	22	0
3.71	20	0
3.72	25	0
3.73	25	0
3.74	30	0
3.75	22	0
3.75	29	0
3.76	26	0
3.77	23	0
3.78	21	0
3.79	18	0
3.79	22	0
3.80	17	0
3.81	30	0
3.82	23	0
3.83	13	0
3.83	20	0
3.84	33	0
3.85	17	0
3.86	24	0
3.87	26	0
3.88	19	0
3.88	34	0
3.89	20	0
3.90	33	0
3.91	25	0
3.92	16	0
3.92	25	0
3.93	22	0
3.94	21	0
3.95	22	0
3.96	30	0
3.96	27	0
3.97	28	0
3.98	29	0
3.99	18	0
4.00	28	0
4.01	26	0
4.01	23	0
4.02	23	0
4.03	20	0
4.04	16	0
4.05	18	0
4.05	21	0
4.06	23	0
4.07	21	0
4.08	24	0
4.09	20	0
4.09	31	0
4.10	36	0
4.11	8	0
4.12	18	0
4.13	30	0
4.14	20	0
4.14	13	0
4.15	18	0
4.16	21	0
4.17	15	0
4.18	22	0
4.18	27	0
4.19	27	0
4.20	15	0
4.21	22	0
4.22	19	0
4.22	23	0
4.23	22	0
4.24	14	0
4.25	24	0
4.26	19	0
4.27	27	0
4.27	26	0
4.28	15	0
4.29	21	0
4.30	21	0
4.31	13	0
4.31	21	0
4.32	20	0
4.33	14	0
4.34	19	0
4.35	21	0
4.35	23	0
4.36	26	0
4.37	18	0
4.38	24	0
4.39	21	0
4.40	18	0
4.40	21	0
4.41	15	0
4.42	24	0
4.43	23	0
4.44	5	0
4.44	27	0
4.45	19	0
4.46	22	0
4.47	21	0
4.48	21	0
4.48	25	0
4.49	15	0
4.50	13	0
4.51	21	0
4.52	22	0
4.53	23	0
4.53	16	0
4.54	13	0
4.55	23	0
4.56	22	0
4.57	18	0
4.57	28	0
4.58	19	0
4.59	22	0
4.60	22	0
4.61	29	0
4.61	15	0
4.62	29	0
4.63	14	0
4.64	17	0
4.65	19	0
4.66	17	0
4.66	22	0
4.67	17	0
4.68	15	0
4.69	17	0
4.70	16	0
4.70	20	0
4.71	18	0
4.72	19	0
4.73	28	0
4.74	14	0
4.74	11	0
4.75	32	0
4.76	17	0
4.77	19	0
4.78	22	0
4.79	18	0
4.79	17	0
4.80	26	0
4.81	22	0
4.82	18	0
4.83	17	0
4.83	25	0
4.84	20	0
4.85	26	0
4.86	14	0
4.87	19	0
4.87	19	0
4.88	24	0
4.89	18	0
4.90	15	0
4.91	20	0
4.92	22	0
4.92	22	0
4.93	21	0
4.94	29	0
4.95	19	0
4.96	15	0
4.96	9	0
4.97	19	0
4.98	15	0
4.99	14	0
5.00	21	0
5.00	11	0
5.01	20	0
5.02	14	0
5.03	19	0
5.04	20	0
5.05	17	0
5.05	11	0
5.06	15	0
5.07	19	0
5.08	22	0
5.09	11	0
5.09	20	0
5.10	20	0
5.11	15	0
5.12	11	0
5.13	13	0
5.13	15	0
5.14	30	0
5.15	17	0
5.16	12	0
5.17	19	0
5.18	20	0
5.18	27	0
5.19	18	0
5.20	26	0
5.21	14	0
5.22	15	0
5.22	14	0
5.23	21	0
5.24	14	0
5.25	22	0
5.26	23	0
5.26	14	0
5.27	15	0
5.28	20	0
5.29	23	0
5.30	22	0
5.31	21	0
5.31	21	0
5.32	15	0
5.33	20	0
5.34	10	0
5.35	20	0
5.35	19	0
5.36	9	0
5.37	21	0
5.38	16	0
5.39	22	0
5.39	14	0
5.40	34	0
5.41	14	0
5.42	12	0
5.43	24	0
5.44	13	0
5.44	14	0
5.45	10	0
5.46	21	0
5.47	22	0
5.48	14	0
5.48	27	0
5.49	17	0
5.50	17	0
5.51	18	0
5.52	19	0
5.52	23	0
5.53	26	0
5.54	17	0
5.55	17	0
5.56	20	0
5.57	24	0
5.57	15	0
5.58	19	0
5.59	26	0
5.60	17	0
5.61	19	0
5.61	13	0
5.62	9	0
5.63	23	0
5.64	17	0
5.65	23	0
5.65	17	0
5.66	23	0
5.67	12	0
5.68	15	0
5.69	17	0
5.70	22	0
5.70	14	0
5.71	15	0
5.72	19	0
5.73	13	0
5.74	15	0
5.74	12	0
5.75	12	0
5.76	20	0
5.77	25	0
5.78	10	0
5.78	24	0
5.79	22	0
5.80	18	0
5.81	9	0
5.82	16	0
5.83	23	0
5.83	13	0
5.84	10	0
5.85	27	0
5.86	9	0
5.87	16	0
5.87	22	0
5.88	29	0
5.89	17	0
5.90	10	0
5.91	9	0
5.91	21	0
5.92	27	0
5.93	12	0
5.94	14	0
5.95	21	0
5.96	21	0
5.96	24	0
5.97	12	0
5.98	26	0
5.99	25	0
6.00	12	0
6.00	14	0
6.01	14	0
6.02	17	0
6.03	20	0
6.04	17	0
6.04	11	0
6.05	17	0
6.06	16	0
6.07	18	0
6.08	21	0
6.09	14	0
6.09	20	0
6.10	16	0
6.11	20	0
6.12	19	0
6.13	22	0
6.13	16	0
6.14	16	0
6.15	12	0
6.16	22	0
6.17	15	0
6.17	17	0
6.18	24	0
6.19	7	0
6.20	19	0
6.21	12	0
6.22	22	0
6.22	21	0
6.23	12	0
6.24	24	0
6.25	19	0
6.26	14	0
6.26	13	0
6.27	9	0
6.28	20	0
6.29	19	0
6.30	18	0
6.30	20	0
6.31	14	0
6.32	9	0
6.33	10	0
6.34	20	0
6.35	15	0
6.35	20	0
6.36	13	0
6.37	23	0
6.38	23	0
6.39	13	0
6.39	15	0
6.40	16	0
6.41	16	0
6.42	15	0
6.43	12	0
6.43	21	0
6.44	12	0
6.45	9	0
6.46	13	0
6.47	21	0
6.48	20	0
6.48	19	0
6.49	8	0
6.50	16	0
6.51	19	0
6.52	8	0
6.52	10	0
6.53	11	0
6.54	14	0
6.55	15	0
6.56	11	0
6.56	19	0
6.57	15	0
6.58	12	0
6.59	15	0
6.60	14	0
6.61	11	0
6.61	9	0
6.62	12	0
6.63	11	0
6.64	11	0
6.65	6	0
6.65	22	0
6.66	11	0
6.67	19	0
6.68	16	0
6.69	7	0
6.69	19	0
6.70	14	0
6.71	12	0
6.72	16	0
6.73	17	0
6.74	13	0
6.74	18	0
6.75	10	0
6.76	9	0
6.77	14	0
6.78	15	0
6.78	12	0
6.79	16	0
6.80	19	0
6.81	17	0
6.82	14	0
6.82	13	0
6.83	17	0
6.84	7	0
6.85	16	0
6.86	17	0
6.87	15	0
6.87	17	0
6.88	16	0
6.89	13	0
6.90	21	0
6.91	14	0
6.91	16	0
6.92	9	0
6.93	16	0
6.94	18	0
6.95	18	0
6.95	14	0
6.96	22	0
6.97	22	0
6.98	22	0
6.99	18	0
7.00	14	0
7.00	12	0
7.01	16	0
7.02	16	0
7.03	9	0
7.04	10	0
7.04	14	0
7.05	19	0
7.06	13	0
7.07	18	0
7.08	13	0
7.08	18	0
7.09	19	0
7.10	9	0
7.11	10	0
7.12	13	0
7.13	15	0
7.13	16	0
7.14	13	0
7.15	10	0
7.16	15	0
7.17	22	0
7.17	19	0
7.18	6	0
7.19	16	0
7.20	17	0
7.21	13	0
7.21	25	0
7.22	16	0
7.23	8	0
7.24	14	0
7.25	16	0
7.26	12	0
7.26	24	0
7.27	9	0
7.28	20	0
7.29	20	0
7.30	9	0
7.30	10	0
7.31	7	0
7.32	25	0
7.33	18	0
7.34	17	0
7.34	16	0
7.35	12	0
7.36	7	0
7.37	14	0
7.38	17	0
7.39	23	0
7.39	10	0
7.40	9	0
7.41	13	0
7.42	23	0
7.43	10	0
7.43	17	0
7.44	8	0
7.45	17	0
7.46	16	0
7.47	16	0
7.47	18	0
7.48	27	0
7.49	14	0
7.50	11	0
7.51	17	0
7.52	15	0
7.52	15	0
7.53	9	0
7.54	19	0
7.55	15	0
7.56	14	0
7.56	21	0
7.57	21	0
7.58	13	0
7.59	16	0
7.60	16	0
7.60	23	0
7.61	13	0
7.62	12	0
7.63	17	0
7.64	14	0
7.65	22	0
7.65	10	0
7.66	8	0
7.67	21	0
7.68	17	0
7.69	10	0
7.69	12	0
7.70	22	0
7.71	19	0
7.72	16	0
7.73	25	0
7.73	11	0
7.74	16	0
7.75	13	0
7.76	18	0
7.77	22	0
7.78	16	0
7.78	17	0
7.79	18	0
7.80	11	0
7.81	7	0
7.82	9	0
7.82	25	0
7.83	20	0
7.84	19	0
7.85	20	0
7.86	17	0
7.86	18	0
7.87	27	0
7.88	15	0
7.89	17	0
7.90	13	0
7.91	21	0
7.91	9	0
7.92	13	0
7.93	22	0
7.94	22	0
7.95	15	0
7.95	20	0
7.96	16	0
7.97	13	0
7.98	21	0
7.99	22	0
8.00	13	0
8.00	30	0
8.01	12	0
8.02	17	0
8.03	21	0
8.04	13	0
8.04	21	0
8.05	20	0
8.06	19	0
8.07	19	0
8.08	14	0
8.08	29	0
8.09	16	0
8.10	19	0
8.11	28	0
8.12	17	0
8.13	22	0
8.13	19	0
8.14	20	0
8.15	18	0
8.16	21	0
8.17	21	0
8.17	19	0
8.18	16	0
8.19	24	0
8.20	17	0
8.21	19	0
8.21	29	0
8.22	21	0
8.23	36	0
8.24	20	0
8.25	24	0
8.26	19	0
8.26	30	0
8.27	12	0
8.28	21	0
8.29	23	0
8.30	16	0
8.30	22	0
8.31	26	0
8.32	19	0
8.33	11	0
8.34	23	0
8.34	25	0
8.35	18	0
8.36	23	0
8.37	19	0
8.38	17	0
8.39	14	0
8.39	28	0
8.40	16	0
8.41	18	0
8.42	30	0
8.43	20	0
8.43	20	0
8.44	16	0
8.45	23	0
8.46	17	0
8.47	20	0
8.47	13	0
8.48	15	0
8.49	24	0
8.50	24	0
8.51	19	0
8.52	20	0
8.52	27	0
8.53	11	0
8.54	14	0
8.55	23	0
8.56	13	0
8.56	23	0
8.57	12	0
8.58	24	0
8.59	16	0
8.60	13	0
8.60	17	0
8.61	25	0
8.62	17	0
8.63	21	0
8.64	16	0
8.65	16	0
8.65	14	0
8.66	13	0
8.67	14	0
8.68	23	0
8.69	16	0
8.69	21	0
8.70	14	0
8.71	27	0
8.72	17	0
8.73	9	0
8.73	24	0
8.74	19	0
8.75	15	0
8.76	15	0
8.77	14	0
8.78	15	0
8.78	26	0
8.79	4	0
8.80	11	0
8.81	13	0
8.82	15	0
8.82	22	0
8.83	14	0
8.84	13	0
8.85	10	0
8.86	12	0
8.86	25	0
8.87	9	0
8.88	12	0
8.89	17	0
8.90	14	0
8.91	23	0
8.91	15	0
8.92	15	0
8.93	14	0
8.94	11	0
8.95	18	0
8.95	11	0
8.96	7	0
8.97	20	0
8.98	10	0
8.99	12	0
8.99	16	0
9.00	12	0
9.01	7	0
9.02	21	0
9.03	9	0
9.04	22	0
9.04	21	0
9.05	13	0
9.06	17	0
9.07	18	0
9.08	14	0
9.08	12	0
9.09	11	0
9.10	23	0
9.11	17	0
9.12	15	0
9.12	12	0
9.13	7	0
9.14	16	0
9.15	21	0
9.16	23	0
9.17	16	0
9.17	13	0
9.18	7	0
9.19	11	0
9.20	20	0
9.21	10	0
9.21	17	0
9.22	9	0
9.23	14	0
9.24	9	0
9.25	14	0
9.25	17	0
9.26	14	0
9.27	15	0
9.28	21	0
9.29	18	0
9.30	19	0
9.30	15	0
9.31	7	0
9.32	14	0
9.33	19	0
9.34	15	0
9.34	14	0
9.35	14	0
9.36	13	0
9.37	22	0
9.38	18	0
9.38	14	0
9.39	11	0
9.40	15	0
9.41	16	0
9.42	17	0
9.43	17	0
9.43	16	0
9.44	22	0
9.45	23	0
9.46	24	0
9.47	16	0
9.47	18	0
9.48	9	0
9.49	14	0
9.50	15	0
9.51	12	0
9.51	14	0
9.52	12	0
9.53	21	0
9.54	7	0
9.55	20	0
9.56	12	0
9.56	20	0
9.57	16	0
9.58	22	0
9.59	16	0
9.60	20	0
9.60	20	0
9.61	10	0
9.62	23	0
9.63	19	0
9.64	19	0
9.64	22	0
9.65	23	0
9.66	14	0
9.67	35	0
9.68	12	0
9.69	15	0
9.69	16	0
9.70	18	0
9.71	25	0
9.72	14	0
9.73	18	0
9.73	35	0
9.74	19	0
9.75	22	0
9.76	24	0
9.77	15	0
9.77	23	0
9.78	12	0
9.79	24	0
9.80	18	0
9.81	25	0
9.82	14	0
9.82	27	0
9.83	8	0
9.84	17	0
9.85	19	0
9.86	20	0
9.86	21	0
9.87	20	0
9.88	22	0
9.89	14	0
9.90	16	0
9.90	24	0
9.91	19	0
9.92	22	0
9.93	30	0
9.94	17	0
9.95	17	0
9.95	17	0
9.96	17	0
9.97	23	0
9.98	17	0
9.99	32	0
9.99	22	0
10.00	23	0
10.01	21	0
10.02	11	0
10.03	26	0
10.03	18	0
10.04	14	0
10.05	19	0
10.06	27	0
10.07	16	0
10.08	18	0
10.08	21	0
10.09	21	0
10.10	18	0
10.11	25	0
10.12	13	0
10.12	11	0
10.13	16	0
10.14	20	0
10.15	7	0
10.16	14	0
10.16	17	0
10.17	13	0
10.18	16	0
10.19	14	0
10.20	11	0
10.21	16	0
10.21	16	0
10.22	15	0
10.23	12	0
10.24	14	0
10.25	13	0
10.25	20	0
10.26	13	0
10.27	12	0
10.28	9	0
10.29	13	0
10.29	20	0
10.30	14	0
10.31	14	0
10.32	15	0
10.33	12	0
10.34	23	0
10.34	23	0
10.35	3	0
10.36	11	0
10.37	17	0
10.38	15	0
10.38	18	0
10.39	14	0
10.40	15	0
10.41	17	0
10.42	13	0
10.42	19	0
10.43	15	0
10.44	13	0
10.45	24	0
10.46	11	0
10.47	10	0
10.47	10	0
10.48	5	0
10.49	11	0
10.50	16	0
10.51	11	0
10.51	8	0
10.52	10	0
10.53	14	0
10.54	12	0
10.55	6	0
10.55	14	0
10.56	11	0
10.57	10	0
10.58	8	0
10.59	12	0
10.60	12	0
10.60	21	0
10.61	16	0
10.62	14	0
10.63	14	0
10.64	8	0
10.64	17	0
10.65	13	0
10.66	14	0
10.67	17	0
10.68	9	0
10.68	14	0
10.69	12	0
10.70	13	0
10.71	15	0
10.72	21	0
10.73	12	0
10.73	10	0
10.74	10	0
10.75	12	0
10.76	19	0
10.77	11	0
10.77	15	0
10.78	14	0
10.79	16	0
10.80	17	0
10.81	15	0
10.81	14	0
10.82	10	0
10.83	19	0
10.84	9	0
10.85	19	0
10.86	10	0
10.86	16	0
10.87	5	0
10.88	18	0
10.89	8	0
10.90	21	0
10.90	13	0
10.91	16	0
10.92	11	0
10.93	20	0
10.94	12	0
10.94	15	0
10.95	12	0
10.96	7	0
10.97	10	0
10.98	14	0
10.99	16	0
10.99	25	0
11.00	10	0
11.01	11	0
11.02	13	0
11.03	15	0
11.03	16	0
11.04	11	0
11.05	15	0
11.06	7	0
11.07	21	0
11.07	16	0
11.08	10	0
11.09	12	0
11.10	20	0
11.11	15	0
11.12	16	0
11.12	20	0
11.13	17	0
11.14	14	0
11.15	16	0
11.16	12	0
11.16	12	0
11.17	10	0
11.18	19	0
11.19	14	0
11.20	17	0
11.20	21	0
11.21	7	0
11.22	25	0
11.23	10	0
11.24	14	0
11.25	15	0
11.25	15	0
11.26	7	0
11.27	18	0
11.28	18	0
11.29	20	0
11.29	18	0
11.30	13	0
11.31	18	0
11.32	21	0
11.33	17	0
11.33	26	0
11.34	14	0
11.35	24	0
11.36	18	0
11.37	16	0
11.38	20	0
11.38	20	0
11.39	8	0
11.40	25	0
11.41	18	0
11.42	19	0
11.42	16	0
11.43	16	0
11.44	17	0
11.45	17	0
11.46	14	0
11.46	19	0
11.47	12	0
11.48	19	0
11.49	18	0
11.50	17	0
11.51	21	0
11.51	17	0
11.52	15	0
11.53	16	0
11.54	14	0
11.55	25	0
11.55	20	0
11.56	12	0
11.57	27	0
11.58	9	0
11.59	14	0
11.59	27	0
11.60	18	0
11.61	18	0
11.62	17	0
11.63	16	0
11.64	14	0
11.64	22	0
11.65	9	0
11.66	19	0
11.67	17	0
11.68	24	0
11.68	22	0
11.69	18	0
11.70	23	0
11.71	17	0
11.72	15	0
11.72	21	0
11.73	18	0
11.74	25	0
11.75	16	0
11.76	19	0
11.77	25	0
11.77	15	0
11.78	19	0
11.79	20	0
11.80	19	0
11.81	18	0
11.81	24	0
11.82	12	0
11.83	21	0
11.84	14	0
11.85	12	0
11.85	24	0
11.86	18	0
11.87	15	0
11.88	20	0
11.89	23	0
11.90	17	0
11.90	18	0
11.91	18	0
11.92	24	0
11.93	20	0
11.94	15	0
11.94	16	0
11.95	10	0
11.96	17	0
11.97	11	0
11.98	21	0
11.98	20	0
11.99	16	0
12.00	16	0
12.01	21	0
12.02	15	0
12.03	13	0
12.03	19	0
12.04	13	0
12.05	23	0
12.06	15	0
12.07	13	0
12.07	19	0
12.08	10	0
12.09	21	0
12.10	12	0
12.11	9	0
12.11	18	0
12.12	14	0
12.13	15	0
12.14	16	0
12.15	16	0
12.16	14	0
12.16	19	0
12.17	6	0
12.18	11	0
12.19	17	0
12.20	23	0
12.20	18	0
12.21	14	0
12.22	15	0
12.23	16	0
12.24	10	0
12.24	15	0
12.25	9	0
12.26	15	0
12.27	25	0
12.28	14	0
12.29	20	0
12.29	12	0
12.30	12	0
12.31	10	0
12.32	11	0
12.33	15	0
12.33	11	0
12.34	14	0
12.35	10	0
12.36	15	0
12.37	10	0
12.37	15	0
12.38	23	0
12.39	17	0
12.40	16	0
12.41	9	0
12.42	9	0
12.42	14	0
12.43	7	0
12.44	18	0
12.45	14	0
12.46	21	0
12.46	18	0
12.47	12	0
12.48	19	0
12.49	9	0
12.50	17	0
12.50	13	0
12.51	9	0
12.52	11	0
12.53	11	0
12.54	14	0
12.55	19	0
12.55	15	0
12.56	10	0
12.57	17	0
12.58	14	0
12.59	17	0
12.59	5	0
12.60	9	0
12.61	25	0
12.62	13	0
12.63	16	0
12.63	16	0
12.64	14	0
12.65	12	0
12.66	11	0
12.67	11	0
12.68	20	0
12.68	12	0
12.69	13	0
12.70	12	0
12.71	14	0
12.72	11	0
12.72	16	0
12.73	14	0
12.74	22	0
12.75	15	0
12.76	13	0
12.76	14	0
12.77	8	0
12.78	19	0
12.79	21	0
12.80	21	0
12.81	18	0
12.81	15	0
12.82	14	0
12.83	17	0
12.84	16	0
12.85	19	0
12.85	16	0
12.86	15	0
12.87	28	0
12.88	16	0
12.89	10	0
12.89	14	0
12.90	9	0
12.91	16	0
12.92	19	0
12.93	19	0
12.94	16	0
12.94	19	0
12.95	8	0
12.96	20	0
12.97	13	0
12.98	16	0
12.98	10	0
12.99	16	0
13.00	17	0
13.01	8	0
13.02	11	0
13.02	15	0
13.03	17	0
13.04	16	0
13.05	17	0
13.06	21	0
13.07	17	0
13.07	21	0
13.08	13	0
13.09	21	0
13.10	22	0
13.11	25	0
13.11	17	0
13.12	11	0
13.13	24	0
13.14	14	0
13.15	18	0
13.15	11	0
13.16	15	0
13.17	23	0
13.18	13	0
13.19	26	0
13.20	18	0
13.20	14	0
13.21	23	0
13.22	18	0
13.23	16	0
13.24	17	0
13.24	17	0
13.25	19	0
13.26	23	0
13.27	16	0
13.28	13	0
13.29	23	0
13.29	11	0
13.30	15	0
13.31	20	0
13.32	27	0
13.33	24	0
13.33	13	0
13.34	8	0
13.35	9	0
13.36	21	0
13.37	23	0
13.37	18	0
13.38	21	0
13.39	29	0
13.40	21	0
13.41	21	0
13.42	23	0
13.42	23	0
13.43	19	0
13.44	25	0
13.45	18	0
13.46	16	0
13.46	22	0
13.47	19	0
13.48	16	0
13.49	27	0
13.50	21	0
13.50	27	0
13.51	27	0
13.52	22	0
13.53	11	0
13.54	24	0
13.55	21	0
13.55	14	0
13.56	23	0
13.57	22	0
13.58	25	0
13.59	22	0
13.59	11	0
13.60	30	0
13.61	18	0
13.62	28	0
13.63	11	0
13.63	29	0
13.64	23	0
13.65	23	0
13.66	17	0
13.67	21	0
13.68	27	0
13.68	31	0
13.69	32	0
13.70	34	0
13.71	26	0
13.72	17	0
13.72	32	0
13.73	23	0
13.74	23	0
13.75	34	0
13.76	19	0
13.76	28	0
13.77	18	0
13.78	29	0
13.79	19	0
13.80	17	0
13.81	25	0
13.81	21	0
13.82	21	0
13.83	27	0
13.84	31	0
13.85	24	0
13.85	25	0
13.86	33	0
13.87	21	0
13.88	32	0
13.89	32	0
13.89	23	0
13.90	34	0
13.91	37	0
13.92	24	0
13.93	30	0
13.94	31	0
13.94	31	0
13.95	22	0
13.96	29	0
13.97	21	0
13.98	21	0
13.98	27	0
13.99	24	0
14.00	24	0
14.01	28	0
14.02	27	0
14.02	36	0
14.03	22	0
14.04	37	0
14.05	19	0
14.06	27	0
14.07	27	0
14.07	21	0
14.08	19	0
14.09	31	0
14.10	41	0
14.11	34	0
14.11	37	0
14.12	34	0
14.13	25	0
14.14	30	0
14.15	27	0
14.15	41	0
14.16	27	0
14.17	36	0
14.18	15	0
14.19	29	0
14.20	35	0
14.20	33	0
14.21	40	0
14.22	38	0
14.23	27	0
14.24	42	0
14.24	36	0
14.25	33	0
14.26	29	0
14.27	37	0
14.28	31	0
14.28	41	0
14.29	19	0
14.30	51	0
14.31	17	0
14.32	30	0
14.33	37	0
14.33	27	0
14.34	30	0
14.35	34	0
14.36	28	0
14.37	31	0
14.37	36	0
14.38	43	0
14.39	39	0
14.40	35	0
14.41	40	0
14.41	36	0
14.42	27	0
14.43	48	0
14.44	36	0
14.45	36	0
14.46	37	0
14.46	30	0
14.47	48	0
14.48	31	0
14.49	37	0
14.50	36	0
14.50	50	0
14.51	30	0
14.52	29	0
14.53	25	0
14.54	37	0
14.54	43	0
14.55	33	0
14.56	48	0
14.57	27	0
14.58	39	0
14.59	35	0
14.59	41	0
14.60	41	0
14.61	42	0
14.62	35	0
14.63	39	0
14.63	43	0
14.64	32	0
14.65	42	0
14.66	44	0
14.67	44	0
14.67	40	0
14.68	28	0
14.69	48	0
14.70	34	0
14.71	32	0
14.72	39	0
14.72	37	0
14.73	37	0
14.74	41	0
14.75	52	0
14.76	39	0
14.76	55	0
14.77	36	0
14.78	25	0
14.79	42	0
14.80	51	0
14.80	49	0
14.81	26	0
14.82	46	0
14.83	48	0
14.84	33	0
14.85	47	0
14.85	36	0
14.86	47	0
14.87	48	0
14.88	58	0
14.89	37	0
14.89	41	0
14.90	54	0
14.91	59	0
14.92	54	0
14.93	49	0
14.93	41	0
14.94	56	0
14.95	57	0
14.96	43	0
14.97	30	0
14.98	47	0
14.98	37	0
14.99	47	0
15.00	45	0
15.01	55	0
15.02	58	0
15.02	45	0
15.03	39	0
15.04	51	0
15.05	53	0
15.06	38	0
15.06	79	0
15.07	54	0
15.08	55	0
15.09	40	0
15.10	55	0
15.11	60	0
15.11	37	0
15.12	47	0
15.13	53	0
15.14	48	0
15.15	62	0
15.15	62	0
15.16	41	0
15.17	47	0
15.18	53	0
15.19	49	0
15.19	47	0
15.20	36	0
15.21	53	0
15.22	56	0
15.23	50	0
15.24	56	0
15.24	66	0
15.25	55	0
15.26	43	0
15.27	66	0
15.28	48	0
15.28	65	0
15.29	45	0
15.30	55	0
15.31	60	0
15.32	56	0
15.32	56	0
15.33	34	0
15.34	65	0
15.35	60	0
15.36	49	0
15.37	64	0
15.37	47	0
15.38	52	0
15.39	76	0
15.40	79	0
15.41	55	0
15.41	74	0
15.42	50	0
15.43	71	0
15.44	65	0
15.45	82	0
15.45	62	0
15.46	53	0
15.47	87	0
15.48	49	0
15.49	50	0
15.50	81	0
15.50	53	0
15.51	78	0
15.52	67	0
15.53	56	0
15.54	60	0
15.54	88	0
15.55	42	0
15.56	62	0
15.57	63	0
15.58	63	0
15.58	77	0
15.59	55	0
15.60	77	0
15.61	58	0
15.62	55	0
15.63	92	0
15.63	71	0
15.64	60	0
15.65	79	0
15.66	83	0
15.67	58	0
15.67	66	0
15.68	75	0
15.69	75	0
15.70	79	0
15.71	82	0
15.71	68	0
15.72	52	0
15.73	99	0
15.74	65	0
15.75	83	0
15.76	70	0
15.76	66	0
15.77	91	0
15.78	72	0
15.79	77	0
15.80	63	0
15.80	97	0
15.81	52	0
15.82	76	1
15.83	82	1
15.84	95	1
15.84	90	1
15.85	68	1
15.86	97	1
15.87	62	1
15.88	66	1
15.89	91	1
15.89	61	1
15.90	73	1
15.91	90	1
15.92	87	1
15.93	82	1
15.93	77	1
15.94	61	1
15.95	88	1
15.96	70	2
15.97	80	2
15.97	91	2
15.98	51	2
15.99	105	2
16.00	71	2
16.01	63	2
16.02	97	2
16.02	68	3
16.03	92	3
16.04	102	3
16.05	99	3
16.06	87	3
16.06	84	4
16.07	71	4
16.08	84	4
16.09	88	4
16.10	77	4
16.10	98	5
16.11	80	5
16.12	73	5
16.13	66	6
16.14	85	6
16.15	105	6
16.15	64	7
16.16	75	7
16.17	89	7
16.18	83	8
16.19	88	8
16.19	99	9
16.20	82	9
16.21	81	10
16.22	92	10
16.23	107	11
16.23	97	11
16.24	93	12
16.25	110	13
16.26	60	13
16.27	120	14
16.28	88	15
16.28	92	16
16.29	88	16
16.30	100	17
16.31	105	18
16.32	98	19
16.32	131	20
16.33	83	21
16.34	90	22
16.35	102	23
16.36	94	24
16.36	118	25
16.37	88	27
16.38	123	28
16.39	82	29
16.40	100	31
16.41	137	32
16.41	88	34
16.42	110	35
16.43	130	37
16.44	124	38
16.45	114	40
16.45	108	42
16.46	108	44
16.47	97	46
16.48	112	48
16.49	140	50
16.49	130	52
16.50	88	54
16.51	144	56
16.52	106	58
16.53	117	61
16.54	144	63
16.54	97	66
16.55	112	68
16.56	120	71
16.57	111	74
16.58	125	77
16.58	137	80
16.59	80	83
16.60	122	86
16.61	133	89
16.62	151	93
16.62	152	96
16.63	110	99
16.64	157	103
16.65	108	107
16.66	142	110
16.67	161	114
16.67	124	118
16.68	150	122
16.69	186	127
16.70	159	131
16.71	170	135
16.71	143	140
16.72	173	144
16.73	152	149
16.74	186	153
16.75	183	158
16.75	171	163
16.76	156	168
16.77	180	173
16.78	127	178
16.79	185	184
16.80	229	189
16.80	130	195
16.81	202	200
16.82	199	206
16.83	209	211
16.84	236	217
16.84	170	223
16.85	227	229
16.86	212	235
16.87	221	241
16.88	185	248
16.88	242	254
16.89	217	260
16.90	296	267
16.91	228	273
16.92	211	280
16.93	273	286
16.93	235	293
16.94	246	300
16.95	335	306
16.96	274	313
16.97	279	320
16.97	233	327
16.98	319	334
16.99	294	341
17.00	298	348
17.01	340	355
17.01	307	362
17.02	233	369
17.03	395	376
17.04	296	383
17.05	345	390
17.06	400	397
17.06	318	404
17.07	400	411
17.08	357	418
17.09	390	424
17.10	368	431
17.10	423	438
17.11	358	445
17.12	428	452
17.13	435	458
17.14	397	465
17.14	520	472
17.15	398	478
17.16	560	484
17.17	397	491
17.18	454	497
17.19	545	503
17.19	409	509
17.20	480	515
17.21	574	521
17.22	467	527
17.23	523	532
17.23	487	538
17.24	479	543
17.25	546	548
17.26	564	553
17.27	650	558
17.27	610	563
17.28	479	567
17.29	677	572
17.30	447	576
17.31	612	580
17.32	704	584
17.32	526	588
17.33	700	591
17.34	654	595
17.35	626	598
17.36	649	601
17.36	607	604
17.37	700	606
17.38	628	609
17.39	694	611
17.40	603	613
17.40	795	615
17.41	532	617
17.42	838	618
17.43	595	619
17.44	575	620
17.45	800	621
17.45	550	621
17.46	565	622
17.47	819	622
17.48	628	622
17.49	704	621
17.49	670	621
17.50	626	620
17.51	638	619
17.52	703	618
17.53	771	617
17.53	724	615
17.54	506	613
17.55	777	611
17.56	575	609
17.57	609	607
17.58	724	604
17.58	535	601
17.59	668	598
17.60	688	595
17.61	610	592
17.62	660	588
17.62	652	584
17.63	543	580
17.64	559	576
17.65	579	572
17.66	521	568
17.66	650	563
17.67	444	558
17.68	655	553
17.69	451	548
17.70	560	543
17.71	601	538
17.71	488	532
17.72	499	527
17.73	615	521
17.74	499	515
17.75	460	509
17.75	380	503
17.76	479	497
17.77	411	491
17.78	467	485
17.79	481	478
17.79	466	472
17.80	366	465
17.81	471	459
17.82	299	452
17.83	404	445
17.84	483	439
17.84	299	432
17.85	398	425
17.86	386	418
17.87	351	411
17.88	375	404
17.88	417	397
17.89	303	390
17.90	309	383
17.91	337	376
17.92	283	369
17.92	338	362
17.93	213	355
17.94	331	348
17.95	277	341
17.96	249	334
17.97	301	327
17.97	258	320
17.98	232	314
17.99	311	307
18.00	235	300
18.01	224	293
18.01	177	287
18.02	247	280
18.03	203	273
18.04	223	267
18.05	243	261
18.05	202	254
18.06	187	248
18.07	254	242
18.08	170	236
18.09	185	230
18.10	236	224
18.10	179	218
18.11	212	212
18.12	179	206
18.13	189	200
18.14	193	195
18.14	160	189
18.15	172	184
18.16	173	179
18.17	206	174
18.18	166	168
18.18	211	163
18.19	116	159
18.20	198	154
18.21	125	149
18.22	160	144
18.23	192	140
18.23	137	135
18.24	154	131
18.25	216	127
18.26	163	123
18.27	134	119
18.27	161	115
18.28	143	111
18.29	159	107
18.30	160	103
18.31	156	100
18.31	163	96
18.32	136	93
18.33	200	89
18.34	103	86
18.35	202	83
18.36	185	80
18.36	154	77
18.37	162	74
18.38	162	71
18.39	143	69
18.40	165	66
18.40	163	63
18.41	154	61
18.42	138	59
18.43	183	56
18.44	158	54
18.44	201	52
18.45	115	50
18.46	185	48
18.47	122	46
18.48	158	44
18.49	165	42
18.49	144	40
18.50	127	38
18.51	197	37
18.52	156	35
18.53	161	34
18.53	129	32
18.54	171	31
18.55	153	29
18.56	181	28
18.57	183	27
18.58	172	26
18.58	124	24
18.59	184	23
18.60	132	22
18.61	136	21
18.62	183	20
18.62	127	19
18.63	177	18
18.64	162	17
18.65	139	17
18.66	153	16
18.66	165	15
18.67	119	14
18.68	159	13
18.69	142	13
18.70	168	12
18.71	204	12
18.71	111	11
18.72	192	10
18.73	145	10
18.74	153	9
18.75	199	9
18.75	145	8
18.76	166	8
18.77	207	7
18.78	168	7
18.79	156	7
18.79	160	6
18.80	163	6
18.81	173	6
18.82	175	5
18.83	213	5
18.84	164	5
18.84	163	4
18.85	232	4
18.86	133	4
18.87	166	4
18.88	212	4
18.88	152	3
18.89	227	3
18.90	174	3
18.91	184	3
18.92	180	3
18.92	220	2
18.93	170	2
18.94	172	2
18.95	192	2
18.96	213	2
18.97	229	2
18.97	161	2
18.98	236	2
18.99	190	1
19.00	163	1
19.01	241	1
19.01	161	1
19.02	195	1
19.03	250	1
19.04	217	1
19.05	226	1
19.05	181	1
19.06	191	1
19.07	199	1
19.08	219	1
19.09	269	1
19.10	221	1
19.10	193	1
19.11	254	1
19.12	220	1
19.13	162	0
19.14	272	0
19.14	184	0
19.15	261	0
19.16	214	0
19.17	229	0
19.18	248	0
19.18	234	0
19.19	234	0
19.20	247	0
19.21	246	0
19.22	207	0
19.23	294	0
19.23	233	0
19.24	313	0
19.25	238	0
19.26	267	0
19.27	312	0
19.27	211	0
19.28	272	0
19.29	311	0
19.30	313	0
19.31	304	0
19.31	303	0
19.32	228	0
19.33	301	0
19.34	288	0
19.35	303	0
19.36	253	0
19.36	234	0
19.37	343	0
19.38	248	0
19.39	288	0
19.40	398	0
19.40	319	0
19.41	332	0
19.42	318	0
19.43	318	0
19.44	358	0
19.44	376	0
19.45	324	0
19.46	377	0
19.47	362	0
19.48	329	0
19.49	377	0
19.49	275	0
19.50	390	0
19.51	351	0
19.52	303	0
19.53	400	0
19.53	312	0
19.54	341	0
19.55	416	0
19.56	357	0
19.57	342	0
19.57	350	0
19.58	278	0
19.59	361	0
19.60	363	0
19.61	441	0
19.62	387	0
19.62	303	0
19.63	420	0
19.64	318	0
19.65	277	0
19.66	421	0
19.66	298	0
19.67	443	0
19.68	369	0
19.69	337	0
19.70	383	0
19.70	366	0
19.71	356	0
19.72	384	0
19.73	312	0
19.74	357	0
19.75	388	0
19.75	272	0
19.76	398	0
19.77	280	0
19.78	345	0
19.79	390	0
19.79	270	0
19.80	311	0
19.81	359	0
19.82	338	0
19.83	305	0
19.83	249	0
19.84	286	0
19.85	299	0
19.86	287	0
19.87	346	0
19.88	278	0
19.88	248	0
19.89	357	0
19.90	227	0
19.91	281	0
19.92	326	0
19.92	231	0
19.93	301	0
19.94	284	0
19.95	241	0
19.96	265	0
19.96	376	0
19.97	195	0
19.98	223	0
19.99	251	0
20.00	264	0
20.01	262	0
20.01	210	0
20.02	312	0
20.03	219	0
20.04	169	0
20.05	305	0
20.05	217	0
20.06	235	0
20.07	252	0
20.08	211	0
20.09	232	0
20.09	170	0
20.10	207	0
20.11	208	0
20.12	243	0
20.13	260	0
20.14	216	0
20.14	162	0
20.15	244	0
20.16	176	0
20.17	196	0
20.18	241	0
20.18	161	0
20.19	225	0
20.20	223	0
20.21	218	0
20.22	210	0
20.22	169	0
20.23	205	0
20.24	192	0
20.25	166	0
20.26	179	0
20.27	210	0
20.27	132	0
20.28	242	0
20.29	127	0
20.30	160	0
20.31	214	0
20.31	161	0
20.32	192	0
20.33	210	0
20.34	181	0
20.35	156	0
20.35	177	0
20.36	109	0
20.37	163	0
20.38	156	0
20.39	200	0
20.40	153	0
20.40	142	0
20.41	196	0
20.42	132	0
20.43	176	0
20.44	192	0
20.44	127	0
20.45	189	0
20.46	155	0
20.47	161	0
20.48	167	0
20.48	212	0
20.49	121	0
20.50	153	0
20.51	174	0
20.52	121	0
20.53	198	0
20.53	138	0
20.54	202	0
20.55	152	0
20.56	132	0
20.57	163	0
20.57	164	0
20.58	137	0
20.59	189	0
20.60	165	0
20.61	164	0
20.61	132	0
20.62	121	0
20.63	165	0
20.64	152	0
20.65	186	0
20.66	161	0
20.66	121	0
20.67	179	0
20.68	130	0
20.69	116	0
20.70	161	0
20.70	137	0
20.71	171	0
20.72	163	0
20.73	151	0
20.74	176	0
20.74	113	0
20.75	177	0
20.76	156	0
20.77	166	0
20.78	155	0
20.79	177	0
20.79	117	0
20.80	169	0
20.81	135	0
20.82	153	0
20.83	159	0
20.83	141	0
20.84	145	0
20.85	169	0
20.86	160	0
20.87	152	0
20.87	130	0
20.88	150	0
20.89	161	0
20.90	166	0
20.91	170	0
20.92	165	0
20.92	123	0
20.93	162	0
20.94	127	0
20.95	176	0
20.96	200	0
20.96	115	0
20.97	190	0
20.98	141	0
20.99	162	0
21.00	141	0
21.00	177	0
21.01	183	0
21.02	150	0
21.03	166	0
21.04	148	0
21.05	184	0
21.05	127	0
21.06	188	0
21.07	134	0
21.08	118	0
21.09	153	0
21.09	124	0
21.10	140	0
21.11	187	0
21.12	164	0
21.13	163	0
21.13	115	0
21.14	136	0
21.15	167	0
21.16	143	0
21.17	181	0
21.18	157	0
21.18	124	0
21.19	164	0
21.20	140	0
21.21	139	0
21.22	173	0
21.22	110	0
21.23	184	0
21.24	161	0
21.25	160	0
21.26	176	0
21.26	170	0
21.27	126	0
21.28	140	0
21.29	153	0
21.30	146	0
21.31	191	0
21.31	140	0
21.32	214	0
21.33	117	0
21.34	169	0
21.35	212	0
21.35	125	0
21.36	144	0
21.37	201	0
21.38	187	0
21.39	157	0
21.39	152	0
21.40	151	0
21.41	154	0
21.42	167	0
21.43	191	0
21.44	154	0
21.44	118	0
21.45	199	0
21.46	115	0
21.47	165	0
21.48	206	0
21.48	137	0
21.49	172	0
21.50	172	0
21.51	142	0
21.52	172	0
21.52	150	0
21.53	171	0
21.54	163	0
21.55	186	0
21.56	150	0
21.57	195	0
21.57	128	0
21.58	195	0
21.59	152	0
21.60	165	0
21.61	188	0
21.61	143	0
21.62	147	0
21.63	201	0
21.64	192	0
21.65	147	0
21.65	166	0
21.66	160	0
21.67	177	0
21.68	175	0
21.69	175	0
21.70	183	0
21.70	133	0
21.71	219	0
21.72	146	0
21.73	137	0
21.74	214	0
21.74	165	0
21.75	193	0
21.76	174	0
21.77	153	0
21.78	180	0
21.78	156	0
21.79	206	0
21.80	166	0
21.81	192	0
21.82	169	0
21.83	218	0
21.83	148	0
21.84	207	0
21.85	118	0
21.86	196	0
21.87	221	0
21.87	134	0
21.88	164	0
21.89	217	0
21.90	196	0
21.91	195	0
21.91	159	0
21.92	177	0
21.93	177	0
21.94	174	0
21.95	212	0
21.96	186	0
21.96	136	0
21.97	231	0
21.98	128	0
21.99	218	0
22.00	234	0
22.00	188	0
22.01	231	0
22.02	180	0
22.03	173	0
22.04	180	0
22.04	233	0
22.05	169	0
22.06	170	0
22.07	176	0
22.08	185	0
22.09	227	0
22.09	146	0
22.10	247	0
22.11	150	0
22.12	153	0
22.13	211	0
22.13	138	0
22.14	169	0
22.15	232	0
22.16	184	0
22.17	182	0
22.17	143	0
22.18	203	0
22.19	204	0
22.20	176	0
22.21	213	0
22.22	178	0
22.22	148	0
22.23	217	0
22.24	151	0
22.25	155	0
22.26	237	0
22.26	129	0
22.27	211	0
22.28	191	0
22.29	174	0
22.30	181	0
22.30	159	0
22.31	163	0
22.32	166	0
22.33	145	0
22.34	157	0
22.35	221	0
22.35	156	0
22.36	188	0
22.37	113	0
22.38	172	0
22.39	196	0
22.39	136	0
22.40	160	0
22.41	180	0
22.42	140	0
22.43	172	0
22.43	142	0
22.44	150	0
22.45	151	0
22.46	155	0
22.47	175	0
22.48	163	0
22.48	133	0
22.49	193	0
22.50	108	0
22.51	154	0
22.52	192	0
22.52	137	0
22.53	185	0
22.54	161	0
22.55	139	0
22.56	170	0
22.56	168	0
22.57	134	0
22.58	134	0
22.59	161	0
22.60	165	0
22.61	187	0
22.61	123	0
22.62	173	0
22.63	118	0
22.64	116	0
22.65	163	0
22.65	131	0
22.66	140	0
22.67	175	0
22.68	143	0
22.69	157	0
22.69	129	0
22.70	123	0
22.71	134	0
22.72	148	0
22.73	166	0
22.74	149	0
22.74	131	0
22.75	191	0
22.76	124	0
22.77	125	0
22.78	141	0
22.78	118	0
22.79	154	0
22.80	150	0
22.81	134	0
22.82	165	0
22.82	137	0
22.83	124	0
22.84	137	0
22.85	140	0
22.86	126	0
22.87	150	0
22.87	130	0
22.88	167	0
22.89	120	0
22.90	157	0
22.91	190	0
22.91	125	0
22.92	138	0
22.93	165	0
22.94	139	0
22.95	153	0
22.95	129	0
22.96	133	0
22.97	134	0
22.98	135	0
22.99	180	0
23.00	136	0
23.00	112	0
23.01	156	0
23.02	109	0
23.03	133	0
23.04	152	0
23.04	112	0
23.05	142	0
23.06	110	0
23.07	144	0
23.08	139	0
23.08	126	0
23.09	152	0
23.10	143	0
23.11	112	0
23.12	123	0
23.13	168	0
23.13	115	0
23.14	145	0
23.15	151	0
23.16	105	0
23.17	146	0
23.17	109	0
23.18	123	0
23.19	154	0
23.20	138	0
23.21	126	0
23.21	120	0
23.22	131	0
23.23	143	0
23.24	129	0
23.25	184	0
23.26	150	0
23.26	113	0
23.27	178	0
23.28	144	0
23.29	86	0
23.30	162	0
23.30	97	0
23.31	176	0
23.32	135	0
23.33	128	0
23.34	124	0
23.34	110	0
23.35	155	0
23.36	154	0
23.37	138	0
23.38	137	0
23.39	145	0
23.39	99	0
23.40	159	0
23.41	98	0
23.42	154	0
23.43	138	0
23.43	95	0
23.44	128	0
23.45	185	0
23.46	116	0
23.47	109	0
23.47	136	0
23.48	102	0
23.49	141	0
23.50	156	0
23.51	134	0
23.52	140	0
23.52	105	0
23.53	153	0
23.54	91	0
23.55	137	0
23.56	162	0
23.56	126	0
23.57	144	0
23.58	128	0
23.59	135	0
23.60	133	0
23.60	128	0
23.61	144	0
23.62	124	0
23.63	153	0
23.64	124	0
23.65	154	0
23.65	104	0
23.66	159	0
23.67	99	0
23.68	110	0
23.69	166	0
23.69	111	0
23.70	127	0
23.71	138	0
23.72	120	0
23.73	154	0
23.73	144	0
23.74	134	0
23.75	130	0
23.76	145	0
23.77	144	0
23.78	134	0
23.78	97	0
23.79	144	0
23.80	126	0
23.81	82	0
23.82	162	0
23.82	109	0
23.83	134	0
23.84	125	0
23.85	126	0
23.86	113	0
23.86	130	0
23.87	109	0
23.88	118	0
23.89	105	0
23.90	113	0
23.91	156	0
23.91	99	0
23.92	137	0
23.93	102	0
23.94	123	0
23.95	146	0
23.95	90	0
23.96	113	0
23.97	150	0
23.98	132	0
23.99	112	0
24.00	89	0
24.00	137	0
24.01	127	0
24.02	137	0
24.03	152	0
24.04	128	0
24.04	96	0
24.05	135	0
24.06	70	0
24.07	129	0
24.08	147	0
24.08	97	0
24.09	154	0
24.10	122	0
24.11	143	0
24.12	123	0
24.13	163	0
24.13	104	0
24.14	123	0
24.15	134	0
24.16	116	0
24.17	147	0
24.17	105	0
24.18	156	0
24.19	96	0
24.20	114	0
24.21	141	0
24.21	78	0
24.22	125	0
24.23	147	0
24.24	116	0
24.25	115	0
24.26	68	0
24.26	125	0
24.27	117	0
24.28	128	0
24.29	156	0
24.30	119	0
24.30	96	0
24.31	156	0
24.32	115	0
24.33	102	0
24.34	160	0
24.34	88	0
24.35	124	0
24.36	115	0
24.37	110	0
24.38	150	0
24.39	95	0
24.39	137	0
24.40	122	0
24.41	133	0
24.42	107	0
24.43	164	0
24.43	81	0
24.44	139	0
24.45	76	0
24.46	135	0
24.47	130	0
24.47	87	0
24.48	92	0
24.49	130	0
24.50	122	0
24.51	111	0
24.52	109	0
24.52	105	0
24.53	108	0
24.54	110	0
24.55	136	0
24.56	124	0
24.56	91	0
24.57	160	0
24.58	81	0
24.59	118	0
24.60	132	0
24.60	94	0
24.61	116	0
24.62	114	0
24.63	116	0
24.64	127	0
24.65	139	0
24.65	113	0
24.66	104	0
24.67	116	0
24.68	110	0
24.69	164	0
24.69	108	0
24.70	138	0
24.71	110	0
24.72	89	0
24.73	124	0
24.73	108	0
24.74	100	0
24.75	127	0
24.76	109	0
24.77	121	0
24.78	103	0
24.78	96	0
24.79	132	0
24.80	112	0
24.81	104	0
24.82	131	0
24.82	79	0
24.83	130	0
24.84	94	0
24.85	75	0
24.86	124	0
24.86	92	0
24.87	127	0
24.88	146	0
24.89	120	0
24.90	113	0
24.91	67	0
24.91	135	0
24.92	126	0
24.93	110	0
24.94	103	0
24.95	127	0
24.95	89	0
24.96	115	0
24.97	93	0
24.98	121	0
24.99	127	0
24.99	69	0
25.00	116	0
25.01	132	0
25.02	101	0
25.03	126	0
25.04	75	0
25.04	112	0
25.05	125	0
25.06	109	0
25.07	136	0
25.08	128	0
25.08	93	0
25.09	133	0
25.10	85	0
25.11	96	0
25.12	142	0
25.12	82	0
25.13	117	0
25.14	105	0
25.15	102	0
25.16	112	0
25.17	111	0
25.17	111	0
25.18	113	0
25.19	111	0
25.20	105	0
25.21	117	0
25.21	79	0
25.22	130	0
25.23	90	0
25.24	89	0
25.25	119	0
25.25	64	0
25.26	92	0
25.27	111	0
25.28	98	0
25.29	95	0
25.30	79	0
25.30	110	0
25.31	104	0
25.32	92	0
25.33	104	0
25.34	90	0
25.34	60	0
25.35	115	0
25.36	96	0
25.37	75	0
25.38	140	0
25.38	76	0
25.39	105	0
25.40	94	0
25.41	93	0
25.42	100	0
25.43	78	0
25.43	97	0
25.44	97	0
25.45	111	0
25.46	87	0
25.47	128	0
25.47	83	0
25.48	118	0
25.49	72	0
25.50	89	0
25.51	114	0
25.51	67	0
25.52	84	0
25.53	113	0
25.54	87	0
25.55	98	0
25.56	81	0
25.56	88	0
25.57	105	0
25.58	105	0
25.59	126	0
25.60	87	0
25.60	67	0
25.61	105	0
25.62	77	0
25.63	94	0
25.64	117	0
25.64	98	0
25.65	86	0
25.66	97	0
25.67	84	0
25.68	87	0
25.69	73	0
25.69	82	0
25.70	92	0
25.71	76	0
25.72	81	0
25.73	108	0
25.73	79	0
25.74	115	0
25.75	88	0
25.76	66	0
25.77	108	0
25.77	63	0
25.78	72	0
25.79	116	0
25.80	100	0
25.81	76	0
25.82	62	0
25.82	84	0
25.83	78	0
25.84	91	0
25.85	93	0
25.86	97	0
25.86	72	0
25.87	111	0
25.88	77	0
25.89	82	0
25.90	93	0
25.90	72	0
25.91	101	0
25.92	104	0
25.93	95	0
25.94	87	0
25.95	85	0
25.95	86	0
25.96	69	0
25.97	85	0
25.98	82	0
25.99	96	0
25.99	73	0
26.00	90	0
26.01	66	0
26.02	87	0
26.03	87	0
26.03	47	0
26.04	76	0
26.05	85	0
26.06	70	0
26.07	75	0
26.08	49	0
26.08	84	0
26.09	89	0
26.10	78	0
26.11	94	0
26.12	79	0
26.12	72	0
26.13	96	0
26.14	49	0
26.15	82	0
26.16	76	0
26.16	71	0
26.17	92	0
26.18	96	0
26.19	58	0
26.20	93	0
26.21	77	0
26.21	78	0
26.22	73	0
26.23	79	0
26.24	67	0
26.25	85	0
26.25	61	0
26.26	103	0
26.27	69	0
26.28	74	0
26.29	110	0
26.29	61	0
26.30	59	0
26.31	95	0
26.32	87	0
26.33	69	0
26.34	42	0
26.34	99	0
26.35	75	0
26.36	73	0
26.37	109	0
26.38	83	0
26.38	63	0
26.39	100	0
26.40	56	0
26.41	68	0
26.42	104	0
26.42	62	0
26.43	73	0
26.44	80	0
26.45	82	0
26.46	62	0
26.47	61	0
26.47	64	0
26.48	72	0
26.49	73	0
26.50	77	0
26.51	90	0
26.51	55	0
26.52	95	0
26.53	44	0
26.54	83	0
26.55	74	0
26.55	58	0
26.56	65	0
26.57	94	0
26.58	55	0
26.59	83	0
26.60	60	0
26.60	75	0
26.61	67	0
26.62	73	0
26.63	84	0
26.64	83	0
26.64	46	0
26.65	75	0
26.66	47	0
26.67	85	0
26.68	65	0
26.68	54	0
26.69	81	0
26.70	71	0
26.71	73	0
26.72	80	0
26.73	79	0
26.73	69	0
26.74	63	0
26.75	72	0
26.76	54	0
26.77	77	0
26.77	45	0
26.78	85	0
26.79	56	0
26.80	56	0
26.81	77	0
26.81	56	0
26.82	58	0
26.83	80	0
26.84	61	0
26.85	62	0
26.86	51	0
26.86	45	0
26.87	72	0
26.88	65	0
26.89	92	0
26.90	62	0
26.90	44	0
26.91	76	0
26.92	49	0
26.93	70	0
26.94	62	0
26.94	53	0
26.95	65	0
26.96	72	0
26.97	68	0
26.98	45	0
26.99	20	0
26.99	80	0
27.00	56	0
27.01	69	0
27.02	63	0
27.03	71	0
27.03	53	0
27.04	62	0
27.05	57	0
27.06	49	0
27.07	67	0
27.07	44	0
27.08	48	0
27.09	76	0
27.10	77	0
27.11	54	0
27.12	47	0
27.12	59	0
27.13	62	0
27.14	62	0
27.15	71	0
27.16	58	0
27.16	41	0
27.17	61	0
27.18	44	0
27.19	60	0
27.20	73	0
27.20	44	0
27.21	50	0
27.22	62	0
27.23	55	0
27.24	68	0
27.25	45	0
27.25	41	0
27.26	62	0
27.27	58	0
27.28	52	0
27.29	60	0
27.29	44	0
27.30	79	0
27.31	50	0
27.32	34	0
27.33	76	0
27.33	33	0
27.34	53	0
27.35	63	0
27.36	50	0
27.37	47	0
27.38	32	0
27.38	48	0
27.39	60	0
27.40	51	0
27.41	50	0
27.42	38	0
27.42	39	0
27.43	67	0
27.44	51	0
27.45	47	0
27.46	67	0
27.46	39	0
27.47	50	0
27.48	45	0
27.49	50	0
27.50	67	0
27.51	50	0
27.51	44	0
27.52	50	0
27.53	54	0
27.54	47	0
27.55	55	0
27.55	36	0
27.56	53	0
27.57	35	0
27.58	36	0
27.59	70	0
27.59	37	0
27.60	51	0
27.61	58	0
27.62	42	0
27.63	39	0
27.64	48	0
27.64	22	0
27.65	54	0
27.66	46	0
27.67	51	0
27.68	54	0
27.68	37	0
27.69	48	0
27.70	36	0
27.71	44	0
27.72	60	0
27.72	28	0
27.73	57	0
27.74	43	0
27.75	43	0
27.76	38	0
27.77	41	0
27.77	43	0
27.78	44	0
27.79	38	0
27.80	48	0
27.81	56	0
27.81	37	0
27.82	57	0
27.83	40	0
27.84	17	0
27.85	68	0
27.85	27	0
27.86	32	0
27.87	57	0
27.88	45	0
27.89	44	0
27.90	37	0
27.90	33	0
27.91	42	0
27.92	54	0
27.93	37	0
27.94	37	0
27.94	29	0
27.95	44	0
27.96	32	0
27.97	37	0
27.98	45	0
27.98	26	0
27.99	38	0
28.00	37	0
28.01	44	0
28.02	45	0
28.03	38	0
28.03	48	0
28.04	32	0
28.05	31	0
28.06	39	0
28.07	48	0
28.07	26	0
28.08	41	0
28.09	30	0
28.10	32	0
28.11	43	0
28.11	25	0
28.12	41	0
28.13	33	0
28.14	41	0
28.15	30	0
28.16	29	0
28.16	29	0
28.17	36	0
28.18	31	0
28.19	44	0
28.20	44	0
28.20	16	0
28.21	47	0
28.22	33	0
28.23	42	0
28.24	35	0
28.24	27	0
28.25	44	0
28.26	29	0
28.27	31	0
28.28	45	0
28.29	41	0
28.29	24	0
28.30	17	0
28.31	41	0
28.32	28	0
28.33	43	0
28.33	27	0
28.34	57	0
28.35	31	0
28.36	21	0
28.37	34	0
28.37	22	0
28.38	17	0
28.39	29	0
28.40	29	0
28.41	30	0
28.42	25	0
28.42	29	0
28.43	32	0
28.44	29	0
28.45	38	0
28.46	22	0
28.46	28	0
28.47	23	0
28.48	24	0
28.49	25	0
28.50	36	0
28.50	16	0
28.51	35	0
28.52	26	0
28.53	21	0
28.54	21	0
28.55	23	0
28.55	23	0
28.56	18	0
28.57	21	0
28.58	26	0
28.59	32	0
28.59	15	0
28.60	33	0
28.61	14	0
28.62	27	0
28.63	33	0
28.63	19	0
28.64	16	0
28.65	27	0
28.66	13	0
28.67	20	0
28.68	29	0
28.68	22	0
28.69	13	0
28.70	23	0
28.71	28	0
28.72	20	0
28.72	14	0
28.73	25	0
28.74	20	0
28.75	23	0
28.76	21	0
28.76	14	0
28.77	19	0
28.78	18	0
28.79	16	0
28.80	15	0
28.81	17	0
28.81	14	0
28.82	22	0
28.83	19	0
28.84	14	0
28.85	21	0
28.85	12	0
28.86	15	0
28.87	18	0
28.88	21	0
28.89	18	0
28.89	13	0
28.90	15	0
28.91	19	0
28.92	16	0
28.93	21	0
28.94	10	0
28.94	16	0
28.95	24	0
28.96	15	0
28.97	21	0
28.98	17	0
28.98	15	0
28.99	30	0
29.00	18	0
29.01	13	0
29.02	22	0
29.02	12	0
29.03	14	0
29.04	21	0
29.05	12	0
29.06	14	0
29.07	10	0
29.07	13	0
29.08	14	0
29.09	19	0
29.10	7	0
29.11	13	0
29.11	8	0
29.12	17	0
29.13	8	0
29.14	9	0
29.15	16	0
29.15	6	0
29.16	11	0
29.17	15	0
29.18	7	0
29.19	10	0
29.20	3	0
29.20	6	0
29.21	11	0
29.22	8	0
29.23	15	0
29.24	10	0
29.24	8	0
29.25	10	0
29.26	7	0
29.27	9	0
29.28	10	0
29.29	6	0
29.29	15	0
29.30	8	0
29.31	9	0
29.32	1	0
29.33	4	0
29.33	8	0
29.34	10	0
29.35	6	0
29.36	6	0
29.37	9	0
29.37	5	0
29.38	6	0
29.39	7	0
29.40	4	0
29.41	4	0
29.42	5	0
29.42	9	0
29.43	8	0
29.44	8	0
29.45	2	0
29.46	4	0
29.46	5	0
29.47	4	0
29.48	5	0
29.49	8	0
29.50	3	0
29.50	4	0
29.51	7	0
29.52	5	0
29.53	4	0
29.54	7	0
29.55	1	0
29.55	7	0
29.56	4	0
29.57	6	0
29.58	3	0
29.59	3	0
29.59	7	0
29.60	3	0
29.61	6	0
29.62	7	0
29.63	6	0
29.63	1	0
29.64	5	0
29.65	1	0
29.66	7	0
29.67	1	0
29.68	0	0
29.68	1	0
29.69	4	0
29.70	1	0
29.71	4	0
29.72	5	0
29.72	3	0
29.73	4	0
29.74	5	0
29.75	0	0
29.76	2	0
29.76	0	0
29.77	1	0
29.78	1	0
29.79	4	0
29.80	2	0
29.81	1	0
29.81	3	0
29.82	1	0
29.83	0	0
29.84	1	0
29.85	1	0
29.85	4	0
29.86	0	0
29.87	0	0
29.88	4	0
29.89	1	0
29.89	1	0
29.90	0	0
29.91	2	0
29.92	0	0
29.93	1	0
29.94	1	0
29.94	1	0
29.95	3	0
29.96	0	0
29.97	1	0
29.98	1	0
29.98	0	0
29.99	1	0
30.00	2	0
30.01	0	0
30.02	1	0
30.02	1	0
30.03	1	0
30.04	0	0
30.05	1	0
30.06	2	0
30.07	0	0
30.07	1	0
30.08	2	0
30.09	0	0
30.10	2	0
30.11	0	0
30.11	1	0
30.12	0	0
30.13	0	0
30.14	1	0
30.15	0	0
30.15	0	0
30.16	1	0
30.17	2	0
30.18	0	0
30.19	1	0
30.20	0	0
30.20	0	0
30.21	0	0
30.22	0	0
30.23	1	0
30.24	0	0
30.24	1	0
30.25	0	0
30.26	0	0
30.27	1	0
30.28	0	0
30.28	0	0
30.29	0	0
30.30	0	0
30.31	0	0
30.32	1	0
30.33	0	0
30.33	0	0
30.34	0	0
30.35	0	0
30.36	0	0
30.37	0	0
30.37	3	0
30.38	0	0
30.39	0	0
30.40	0	0
30.41	0	0
30.41	1	0
30.42	0	0
30.43	0	0
30.44	1	0
30.45	1	0
30.46	0	0
30.46	1	0
30.47	0	0
30.48	0	0
30.49	1	0
30.50	0	0
30.50	0	0
30.51	0	0
30.52	0	0
30.53	0	0
30.54	1	0
30.54	1	0
30.55	1	0
30.56	1	0
30.57	0	0
30.58	0	0
30.59	0	0
30.59	1	0
30.60	0	0
30.61	0	0
30.62	0	0
30.63	0	0
30.63	0	0
30.64	0	0
30.65	0	0
30.66	1	0
30.67	0	0
30.67	0	0
30.68	2	0
30.69	1	0
30.70	1	0
30.71	0	0
30.72	0	0
30.72	0	0
30.73	1	0
30.74	0	0
30.75	0	0
30.76	0	0
30.76	0	0
30.77	0	0
30.78	2	0
30.79	1	0
30.80	0	0
30.80	0	0
30.81	1	0
30.82	0	0
30.83	0	0
30.84	0	0
30.85	0	0
30.85	1	0
30.86	1	0
30.87	2	0
30.88	0	0
30.89	1	0
30.89	0	0
30.90	0	0
30.91	0	0
30.92	1	0
30.93	1	0
30.93	0	0
30.94	0	0
30.95	0	0
30.96	0	0
30.97	0	0
30.98	0	0
30.98	1	0
30.99	1	0
31.00	1	0
31.01	0	0
31.02	0	0
31.02	0	0
31.03	0	0
31.04	0	0
31.05	1	0
31.06	0	0
31.06	2	0
31.07	2	0
31.08	0	0
31.09	0	0
31.10	0	0
31.11	0	0
31.11	1	0
31.12	0	0
31.13	2	0
31.14	0	0
31.15	0	0
31.15	0	0
31.16	1	0
31.17	0	0
31.18	0	0
31.19	1	0
31.19	0	0
31.20	1	0
31.21	1	0
31.22	0	0
31.23	1	0
31.24	0	0
31.24	2	0
31.25	0	0
31.26	0	0
31.27	0	0
31.28	0	0
31.28	1	0
31.29	1	0
31.30	0	0
31.31	1	0
31.32	1	0
31.32	0	0
31.33	0	0
31.34	0	0
31.35	0	0
31.36	0	0
31.37	2	0
31.37	1	0
31.38	1	0
31.39	0	0
31.40	1	0
31.41	0	0
31.41	0	0
31.42	0	0
31.43	0	0
31.44	1	0
31.45	0	0
31.45	0	0
31.46	1	0
31.47	0	0
31.48	0	0
31.49	0	0
31.50	1	0
31.50	1	0
31.51	0	0
31.52	0	0
31.53	1	0
31.54	0	0
31.54	1	0
31.55	0	0
31.56	0	0
31.57	2	0
31.58	0	0
31.58	0	0
31.59	1	0
31.60	0	0
31.61	0	0
31.62	0	0
31.63	0	0
31.63	0	0
31.64	0	0
31.65	1	0
31.66	1	0
31.67	0	0
31.67	0	0
31.68	0	0
31.69	0	0
31.70	1	0
31.71	1	0
31.71	0	0
31.72	0	0
31.73	1	0
31.74	3	0
31.75	1	0
31.76	0	0
31.76	0	0
31.77	0	0
31.78	0	0
31.79	0	0
31.80	1	0
31.80	0	0
31.81	3	0
31.82	0	0
31.83	1	0
31.84	1	0
31.84	0	0
31.85	0	0
31.86	0	0
31.87	1	0
31.88	1	0
31.89	2	0
31.89	0	0
31.90	0	0
31.91	1	0
31.92	1	0
31.93	2	0
31.93	0	0
31.94	1	0
31.95	0	0
31.96	2	0
31.97	1	0
31.97	1	0
31.98	5	0
31.99	0	0
32.00	2	0
32.01	0	0
32.02	0	0
32.02	0	0
32.03	0	0
32.04	2	0
32.05	0	0
32.06	2	0
32.06	1	0
32.07	0	0
32.08	1	0
32.09	0	0
32.10	1	0
32.10	1	0
32.11	0	0
32.12	2	0
32.13	0	0
32.14	1	0
32.15	1	0
32.15	1	0
32.16	0	0
32.17	2	0
32.18	0	0
32.19	0	0
32.19	1	0
32.20	0	0
32.21	1	0
32.22	0	0
32.23	0	0
32.23	1	0
32.24	2	0
32.25	1	0
32.26	0	0
32.27	0	0
32.28	0	0
32.28	0	0
32.29	0	0
32.30	0	0
32.31	2	0
32.32	0	0
32.32	0	0
32.33	0	0
32.34	1	0
32.35	0	0
32.36	1	0
32.36	0	0
32.37	0	0
32.38	0	0
32.39	1	0
32.40	0	0
32.41	0	0
32.41	0	0
32.42	1	0
32.43	0	0
32.44	0	0
32.45	1	0
32.45	2	0
32.46	1	0
32.47	0	0
32.48	1	0
32.49	0	0
32.49	0	0
32.50	0	0
32.51	0	0
32.52	1	0
32.53	0	0
32.54	0	0
32.54	0	0
32.55	0	0
32.56	1	0
32.57	0	0
32.58	1	0
32.58	1	0
32.59	0	0
32.60	0	0
32.61	1	0
32.62	2	0
32.62	0	0
32.63	0	0
32.64	0	0
32.65	0	0
32.66	1	0
32.67	0	0
32.67	0	0
32.68	0	0
32.69	1	0
32.70	0	0
32.71	1	0
32.71	0	0
32.72	0	0
32.73	1	0
32.74	0	0
32.75	1	0
32.75	0	0
32.76	0	0
32.77	0	0
32.78	1	0
32.79	0	0
32.80	0	0
32.80	0	0
32.81	0	0
32.82	0	0
32.83	0	0
32.84	0	0
32.84	0	0
32.85	0	0
32.86	0	0
32.87	0	0
32.88	0	0
32.88	0	0
32.89	1	0
32.90	0	0
32.91	1	0
32.92	1	0
32.93	0	0
32.93	1	0
32.94	0	0
32.95	1	0
32.96	1	0
32.97	1	0
32.97	2	0
32.98	0	0
32.99	0	0
33.00	0	0
33.01	2	0
33.01	0	0
33.02	0	0
33.03	0	0
33.04	0	0
33.05	0	0
33.06	0	0
33.06	0	0
33.07	0	0
33.08	1	0
33.09	0	0
33.10	0	0
33.10	0	0
33.11	1	0
33.12	1	0
33.13	1	0
33.14	0	0
33.14	0	0
33.15	1	0
33.16	0	0
33.17	1	0
33.18	2	0
33.19	0	0
33.19	0	0
33.20	1	0
33.21	0	0
33.22	0	0
33.23	0	0
33.23	0	0
33.24	0	0
33.25	0	0
33.26	0	0
33.27	1	0
33.27	0	0
33.28	0	0
33.29	1	0
33.30	0	0
33.31	1	0
33.32	0	0
33.32	2	0
33.33	2	0
33.34	0	0
33.35	0	0
33.36	0	0
33.36	0	0
33.37	0	0
33.38	0	0
33.39	1	0
33.40	2	0
33.40	1	0
33.41	1	0
33.42	1	0
33.43	0	0
33.44	2	0
33.45	1	0
33.45	0	0
33.46	1	0
33.47	0	0
33.48	1	0
33.49	0	0
33.49	2	0
33.50	1	0
33.51	1	0
33.52	0	0
33.53	0	0
33.53	0	0
33.54	2	0
33.55	0	0
33.56	0	0
33.57	3	0
33.58	2	0
33.58	1	0
33.59	2	0
33.60	1	0
33.61	0	0
33.62	1	0
33.62	0	0
33.63	1	0
33.64	2	0
33.65	0	0
33.66	0	0
33.66	0	0
33.67	0	0
33.68	0	0
33.69	1	0
33.70	0	0
33.71	1	0
33.71	1	0
33.72	2	0
33.73	0	0
33.74	1	0
33.75	0	0
33.75	0	0
33.76	0	0
33.77	0	0
33.78	2	0
33.79	0	0
33.79	0	0
33.80	1	0
33.81	0	0
33.82	0	0
33.83	1	0
33.84	0	0
33.84	0	0
33.85	0	0
33.86	1	0
33.87	3	0
33.88	0	0
33.88	1	0
33.89	0	0
33.90	1	0
33.91	0	0
33.92	1	0
33.92	2	0
33.93	0	0
33.94	0	0
33.95	0	0
33.96	1	0
33.97	1	0
33.97	2	0
33.98	0	0
33.99	0	0
34.00	1	0
34.01	1	0
34.01	0	0
34.02	1	0
34.03	1	0
34.04	0	0
34.05	1	0
34.05	0	0
34.06	0	0
34.07	1	0
34.08	0	0
34.09	0	0
34.10	1	0
34.10	1	0
34.11	1	0
34.12	0	0
34.13	1	0
34.14	0	0
34.14	1	0
34.15	1	0
34.16	0	0
34.17	0	0
34.18	1	0
34.18	2	0
34.19	1	0
34.20	0	0
34.21	0	0
34.22	0	0
34.23	0	0
34.23	0	0
34.24	2	0
34.25	0	0
34.26	1	0
34.27	0	0
34.27	0	0
34.28	0	0
34.29	1	0
34.30	1	0
34.31	0	0
34.31	0	0
34.32	2	0
34.33	1	0
34.34	0	0
34.35	1	0
34.36	1	0
34.36	1	0
34.37	1	0
34.38	1	0
34.39	1	0
34.40	0	0
34.40	1	0
34.41	0	0
34.42	3	0
34.43	1	0
34.44	1	0
34.44	0	0
34.45	0	0
34.46	0	0
34.47	0	0
34.48	2	0
34.49	2	0
34.49	1	0
34.50	1	0
34.51	1	0
34.52	0	0
34.53	0	0
34.53	0	0
