Energy	Impulses	Fit(Impulses)	Fit(Impulses)
E/keV	Impulses/#	Impulses/#	Impulses/#

18.71	33	2	24
18.71	29	2	24
18.72	36	1	24
18.73	32	1	25
18.74	23	1	25
18.75	47	1	26
18.75	24	1	26
18.76	25	1	27
18.77	41	1	27
18.78	38	1	27
18.79	28	1	28
18.79	35	1	28
18.80	28	1	29
18.81	35	1	29
18.82	39	1	30
18.83	32	1	30
18.84	34	1	31
18.84	36	1	31
18.85	45	1	32
18.86	29	0	32
18.87	42	0	32
18.88	45	0	33
18.88	22	0	33
18.89	39	0	34
18.90	33	0	34
18.91	34	0	35
18.92	25	0	35
18.92	48	0	36
18.93	27	0	36
18.94	34	0	37
18.95	38	0	37
18.96	29	0	38
18.97	38	0	38
18.97	27	0	39
18.98	52	0	39
18.99	40	0	40
19.00	42	0	40
19.01	48	0	41
19.01	24	0	41
19.02	33	0	41
19.03	39	0	42
19.04	34	0	42
19.05	43	0	43
19.05	38	0	43
19.06	29	0	44
19.07	37	0	44
19.08	41	0	45
19.09	52	0	45
19.10	32	0	46
19.10	35	0	46
19.11	39	0	47
19.12	38	0	47
19.13	36	0	47
19.14	54	0	48
19.14	35	0	48
19.15	47	0	49
19.16	47	0	49
19.17	50	0	50
19.18	51	0	50
19.18	46	0	50
19.19	39	0	51
19.20	53	0	51
19.21	62	0	52
19.22	55	0	52
19.23	49	0	53
19.23	39	0	53
19.24	63	0	53
19.25	36	0	54
19.26	67	0	54
19.27	56	0	54
19.27	41	0	55
19.28	51	0	55
19.29	64	0	56
19.30	48	0	56
19.31	40	0	56
19.31	58	0	57
19.32	37	0	57
19.33	62	0	57
19.34	44	0	58
19.35	68	0	58
19.36	70	0	58
19.36	34	0	58
19.37	69	0	59
19.38	33	0	59
19.39	50	0	59
19.40	67	0	59
19.40	45	0	60
19.41	89	0	60
19.42	53	0	60
19.43	78	0	60
19.44	52	0	61
19.44	79	0	61
19.45	58	0	61
19.46	57	0	61
19.47	66	0	61
19.48	71	0	62
19.49	71	0	62
19.49	52	0	62
19.50	85	0	62
19.51	53	0	62
19.52	64	0	62
19.53	65	0	63
19.53	54	0	63
19.54	71	0	63
19.55	84	0	63
19.56	74	0	63
19.57	50	0	63
19.57	73	0	63
19.58	52	0	63
19.59	59	0	63
19.60	68	0	63
19.61	68	0	63
19.62	74	0	63
19.62	41	0	63
19.63	102	0	63
19.64	63	0	63
19.65	57	0	63
19.66	82	0	63
19.66	50	0	63
19.67	70	0	63
19.68	72	0	63
19.69	71	0	63
19.70	81	0	63
19.70	76	0	63
19.71	51	0	63
19.72	75	0	63
19.73	66	0	62
19.74	69	0	62
19.75	79	0	62
19.75	50	0	62
19.76	76	0	62
19.77	64	0	62
19.78	57	0	62
19.79	68	0	61
19.79	58	0	61
19.80	49	0	61
19.81	73	0	61
19.82	68	0	61
19.83	67	0	60
19.83	48	0	60
19.84	60	0	60
19.85	64	0	60
19.86	75	0	59
19.87	62	0	59
19.88	45	0	59
19.88	42	0	59
19.89	77	0	58
19.90	47	0	58
19.91	58	0	58
19.92	58	0	57
19.92	49	0	57
19.93	63	0	57
19.94	42	0	56
19.95	57	0	56
19.96	52	0	56
19.96	75	0	55
19.97	29	0	55
19.98	54	0	55
19.99	52	0	54
20.00	53	0	54
20.01	49	0	53
20.01	45	0	53
20.02	48	0	53
20.03	47	0	52
20.04	47	0	52
20.05	62	0	51
20.05	32	0	51
20.06	40	0	51
20.07	53	0	50
20.08	44	0	50
20.09	39	0	49
20.09	49	0	49
20.10	54	0	49
20.11	46	0	48
20.12	62	0	48
20.13	44	0	47
20.14	52	0	47
20.14	47	0	46
20.15	41	0	46
20.16	44	0	45
20.17	39	0	45
20.18	54	0	44
20.18	30	0	44
20.19	38	0	44
20.20	32	0	43
20.21	43	0	43
20.22	39	0	42
20.22	33	0	42
20.23	40	0	41
20.24	32	0	41
20.25	40	0	40
20.26	40	0	40
20.27	43	0	39
20.27	26	0	39
20.28	38	0	38
20.29	33	0	38
20.30	37	0	37
20.31	44	0	37
20.31	18	0	36
20.32	34	0	36
20.33	44	0	36
20.34	32	0	35
20.35	44	0	35
20.35	38	0	34
20.36	38	0	34
20.37	26	0	33
20.38	24	0	33
20.39	29	0	32
20.40	37	0	32
20.40	28	0	31
20.41	42	0	31
20.42	27	0	30
20.43	31	0	30
20.44	35	0	29
20.44	31	0	29
20.45	43	0	29
20.46	31	0	28
20.47	28	0	28
20.48	47	0	27
20.48	40	0	27
20.49	18	0	26
20.50	26	0	26
20.51	26	0	26
20.52	34	0	25
