Energy	Impulses	Fit(Impulses)	Fit(Impulses)
E/keV	Impulses/#	Impulses/#	Impulses/#

18.82	0	0	1
18.83	0	0	1
18.84	4	0	1
18.84	1	0	1
18.85	3	0	1
18.86	1	0	1
18.87	3	0	1
18.88	3	0	2
18.88	1	0	2
18.89	1	0	2
18.90	3	0	2
18.91	5	0	2
18.92	3	0	2
18.92	1	0	2
18.93	2	0	2
18.94	1	0	2
18.95	0	0	2
18.96	5	0	2
18.97	3	0	2
18.97	2	0	2
18.98	1	0	2
18.99	1	0	2
19.00	2	0	2
19.01	1	0	2
19.01	1	0	2
19.02	0	0	2
19.03	1	0	2
19.04	2	0	2
19.05	1	0	2
19.05	2	0	2
19.06	3	0	2
19.07	5	0	2
19.08	1	0	2
19.09	2	0	2
19.10	2	0	2
19.10	1	0	2
19.11	1	0	2
19.12	3	0	2
19.13	1	0	2
19.14	2	0	2
19.14	1	0	2
19.15	2	0	2
19.16	2	0	2
19.17	1	0	2
19.18	3	0	2
19.18	1	0	2
19.19	2	0	2
19.20	3	0	2
19.21	0	0	2
19.22	3	0	2
19.23	1	0	2
19.23	0	0	2
19.24	3	0	2
19.25	2	0	2
19.26	5	0	2
19.27	1	0	2
19.27	2	0	2
19.28	3	0	2
19.29	2	0	2
19.30	3	0	2
19.31	2	0	2
19.31	0	0	2
19.32	3	0	2
19.33	2	0	2
19.34	4	0	2
19.35	2	0	2
19.36	1	0	2
19.36	4	0	2
19.37	0	0	2
19.38	3	0	3
19.39	2	0	3
19.40	1	0	3
19.40	1	0	3
19.41	1	0	3
19.42	1	0	3
19.43	3	0	3
19.44	3	0	3
19.44	3	0	3
19.45	1	0	3
19.46	4	0	3
19.47	2	0	3
19.48	0	0	3
19.49	3	0	3
19.49	3	0	3
19.50	2	0	3
19.51	3	0	3
19.52	4	0	3
19.53	7	0	3
19.53	4	0	3
19.54	5	0	3
19.55	5	0	3
19.56	3	0	3
19.57	2	0	3
19.57	2	0	3
19.58	1	0	3
19.59	4	0	3
19.60	5	0	3
19.61	4	0	3
19.62	2	0	3
19.62	3	0	3
19.63	0	0	3
19.64	1	0	3
19.65	3	0	3
19.66	6	0	3
19.66	2	0	3
19.67	3	0	3
19.68	4	0	3
19.69	4	0	3
19.70	0	0	3
19.70	1	0	3
19.71	1	0	3
19.72	4	0	3
19.73	5	0	3
19.74	2	0	3
19.75	3	0	3
19.75	4	0	3
19.76	5	0	3
19.77	4	0	3
19.78	2	0	3
19.79	1	0	3
19.79	2	0	3
19.80	1	0	3
19.81	3	0	3
19.82	3	0	3
19.83	5	0	3
19.83	3	0	3
19.84	1	0	3
19.85	6	0	3
19.86	5	0	3
19.87	3	0	3
19.88	2	0	3
19.88	2	0	3
19.89	1	0	3
19.90	1	0	3
19.91	4	0	3
19.92	1	0	3
19.92	2	0	3
19.93	1	0	3
19.94	2	0	3
19.95	3	0	2
19.96	0	0	2
19.96	2	0	2
19.97	1	0	2
19.98	4	0	2
19.99	1	0	2
20.00	2	0	2
20.01	5	0	2
20.01	2	0	2
20.02	2	0	2
20.03	3	0	2
20.04	3	0	2
20.05	4	0	2
20.05	1	0	2
20.06	1	0	2
20.07	7	0	2
20.08	4	0	2
20.09	3	0	2
20.09	0	0	2
20.10	2	0	2
20.11	1	0	2
20.12	1	0	2
20.13	2	0	2
20.14	2	0	2
20.14	0	0	2
20.15	2	0	2
20.16	2	0	2
20.17	2	0	2
20.18	2	0	2
20.18	2	0	2
20.19	1	0	2
20.20	2	0	2
20.21	1	0	2
20.22	2	0	2
20.22	5	0	2
20.23	3	0	2
20.24	2	0	2
20.25	3	0	2
20.26	3	0	2
20.27	4	0	2
20.27	3	0	2
20.28	1	0	2
20.29	0	0	2
20.30	1	0	2
20.31	3	0	2
20.31	1	0	2
20.32	2	0	2
20.33	2	0	2
20.34	2	0	2
20.35	1	0	2
20.35	1	0	2
20.36	0	0	2
20.37	1	0	2
20.38	3	0	2
20.39	0	0	2
20.40	1	0	2
20.40	0	0	2
20.41	4	0	2
