Energy	Impulses	Fit(Impulses)	Fit(Impulses)
E/keV	Impulses/#	Impulses/#	Impulses/#

18.27	1	0	0
18.27	0	0	0
18.28	0	0	0
18.29	1	0	0
18.30	0	0	0
18.31	0	0	0
18.31	0	0	0
18.32	0	0	0
18.33	1	0	0
18.34	2	0	0
18.35	1	0	0
18.36	1	0	0
18.36	0	0	0
18.37	2	0	0
18.38	0	0	0
18.39	0	0	0
18.40	1	0	0
18.40	1	0	0
18.41	0	0	0
18.42	0	0	0
18.43	1	0	0
18.44	0	0	0
18.44	2	0	0
18.45	0	0	0
18.46	0	0	0
18.47	0	0	0
18.48	2	0	0
18.49	0	0	0
18.49	0	0	0
18.50	0	0	0
18.51	1	0	0
18.52	1	0	0
18.53	0	0	0
18.53	1	0	0
18.54	0	0	0
18.55	2	0	0
18.56	1	0	0
18.57	0	0	0
18.58	1	0	0
18.58	0	0	0
18.59	0	0	0
18.60	0	0	0
18.61	0	0	0
18.62	0	0	0
18.62	0	0	0
18.63	0	0	0
18.64	1	0	0
18.65	2	0	0
18.66	1	0	0
18.66	1	0	0
18.67	0	0	0
18.68	0	0	0
18.69	0	0	0
18.70	0	0	0
18.71	1	0	0
18.71	0	0	0
18.72	0	0	0
18.73	0	0	0
18.74	0	0	0
18.75	1	0	0
18.75	0	0	0
18.76	0	0	0
18.77	0	0	0
18.78	1	0	0
18.79	0	0	0
18.79	0	0	0
18.80	0	0	0
18.81	1	0	0
18.82	1	0	0
18.83	2	0	0
18.84	0	0	0
18.84	1	0	0
18.85	0	0	0
18.86	0	0	0
18.87	0	0	0
18.88	0	0	0
18.88	0	0	0
18.89	1	0	0
18.90	0	0	0
18.91	0	0	0
18.92	1	0	0
18.92	0	0	0
18.93	0	0	0
18.94	1	0	0
18.95	3	0	0
18.96	1	0	0
18.97	0	0	0
18.97	1	0	0
18.98	0	0	0
18.99	0	0	0
19.00	0	0	0
19.01	0	0	0
19.01	0	0	0
19.02	1	0	0
19.03	1	0	0
19.04	0	0	0
19.05	0	0	0
19.05	0	0	0
19.06	1	0	0
19.07	0	0	0
19.08	1	0	0
19.09	0	0	0
19.10	0	0	0
19.10	0	0	0
19.11	1	0	0
19.12	0	0	0
19.13	0	0	0
19.14	0	0	0
19.14	1	0	0
19.15	0	0	0
19.16	0	0	0
19.17	0	0	0
19.18	0	0	0
19.18	1	0	0
19.19	0	0	0
19.20	1	0	0
19.21	1	0	0
19.22	0	0	0
19.23	0	0	0
19.23	2	0	0
19.24	0	0	0
19.25	1	0	0
19.26	0	0	0
19.27	0	0	0
19.27	2	0	0
19.28	0	0	0
19.29	1	0	0
19.30	1	0	0
19.31	1	0	0
19.31	1	0	0
19.32	0	0	0
19.33	0	0	0
19.34	1	0	0
19.35	0	0	0
19.36	0	0	0
19.36	0	0	0
19.37	0	0	0
19.38	1	0	0
19.39	0	0	0
19.40	0	0	0
19.40	0	0	0
19.41	0	0	0
19.42	1	0	0
19.43	2	0	0
19.44	1	0	0
19.44	2	0	0
19.45	1	0	0
19.46	0	0	0
19.47	1	0	0
19.48	0	0	0
19.49	0	0	0
19.49	0	0	0
19.50	0	0	0
19.51	0	0	0
19.52	1	0	0
19.53	0	0	0
19.53	0	0	0
19.54	0	0	0
19.55	1	0	0
19.56	0	0	0
19.57	1	0	0
19.57	2	0	0
19.58	0	0	0
19.59	0	0	0
19.60	0	0	0
19.61	0	0	0
19.62	1	0	0
19.62	0	0	0
19.63	0	0	0
19.64	0	0	0
19.65	0	0	0
19.66	1	0	0
19.66	0	0	0
19.67	2	0	0
19.68	1	0	0
19.69	0	0	0
19.70	2	0	0
19.70	0	0	0
19.71	0	0	0
19.72	0	0	0
19.73	2	0	0
19.74	1	0	0
19.75	0	0	0
19.75	0	0	0
19.76	1	0	0
19.77	1	0	0
19.78	1	0	0
19.79	0	0	0
19.79	1	0	0
19.80	0	0	0
19.81	2	0	0
19.82	1	0	0
19.83	0	0	0
19.83	1	0	0
