Energy	Impulses	Fit(Impulses)	Fit(Impulses)
E/keV	Impulses/#	Impulses/#	Impulses/#

18.79	0	0	1
18.80	0	0	1
18.81	2	0	1
18.82	0	0	1
18.83	1	0	1
18.84	1	0	1
18.84	1	0	1
18.85	2	0	1
18.86	0	0	1
18.87	1	0	1
18.88	1	0	1
18.88	0	0	1
18.89	2	0	1
18.90	3	0	1
18.91	1	0	1
18.92	1	0	1
18.92	2	0	1
18.93	0	0	1
18.94	2	0	1
18.95	1	0	1
18.96	2	0	1
18.97	1	0	1
18.97	1	0	1
18.98	1	0	1
18.99	4	0	1
19.00	0	0	1
19.01	2	0	1
19.01	0	0	1
19.02	2	0	1
19.03	2	0	1
19.04	2	0	1
19.05	2	0	1
19.05	2	0	1
19.06	1	0	1
19.07	1	0	1
19.08	2	0	1
19.09	1	0	1
19.10	1	0	1
19.10	1	0	1
19.11	1	0	2
19.12	1	0	2
19.13	1	0	2
19.14	0	0	2
19.14	0	0	2
19.15	2	0	2
19.16	3	0	2
19.17	5	0	2
19.18	0	0	2
19.18	5	0	2
19.19	0	0	2
19.20	0	0	2
19.21	2	0	2
19.22	1	0	2
19.23	2	0	2
19.23	1	0	2
19.24	3	0	2
19.25	0	0	2
19.26	2	0	2
19.27	1	0	2
19.27	1	0	2
19.28	1	0	2
19.29	1	0	2
19.30	0	0	2
19.31	3	0	2
19.31	1	0	2
19.32	1	0	2
19.33	1	0	2
19.34	4	0	2
19.35	2	0	2
19.36	2	0	2
19.36	1	0	2
19.37	2	0	2
19.38	2	0	2
19.39	1	0	2
19.40	2	0	2
19.40	1	0	2
19.41	1	0	2
19.42	3	0	2
19.43	3	0	2
19.44	2	0	2
19.44	5	0	2
19.45	1	0	2
19.46	1	0	2
19.47	4	0	2
19.48	2	0	2
19.49	1	0	2
19.49	1	0	2
19.50	3	0	2
19.51	1	0	2
19.52	1	0	2
19.53	2	0	2
19.53	1	0	2
19.54	4	0	2
19.55	1	0	2
19.56	2	0	2
19.57	1	0	2
19.57	2	0	2
19.58	2	0	2
19.59	1	0	2
19.60	0	0	2
19.61	2	0	2
19.62	1	0	2
19.62	1	0	2
19.63	0	0	2
19.64	1	0	2
19.65	2	0	2
19.66	1	0	2
19.66	1	0	2
19.67	4	0	2
19.68	2	0	2
19.69	1	0	2
19.70	2	0	2
19.70	0	0	1
19.71	1	0	1
19.72	6	0	1
19.73	1	0	1
19.74	4	0	1
19.75	1	0	1
19.75	1	0	1
19.76	2	0	1
19.77	0	0	1
19.78	0	0	1
19.79	2	0	1
19.79	3	0	1
19.80	0	0	1
19.81	1	0	1
19.82	1	0	1
19.83	1	0	1
19.83	1	0	1
19.84	0	0	1
19.85	1	0	1
19.86	0	0	1
19.87	1	0	1
19.88	1	0	1
19.88	2	0	1
19.89	4	0	1
19.90	1	0	1
19.91	0	0	1
19.92	1	0	1
